mean = 159.88411714650246
std = 46.45448942251337